CDZI,2529538,54211.116667,Cadiz Inc,9.3,4.0,0.25,2.77,9.25,9.3,9.15,178490,140757797,19021324,715036,18.2694,18306288
CHEK,57282,142375.950000,Check-Cap Ltd,2.88,4.0,0.26,9.93,2.7,2.88,2.6178,263106,27204943,12254479,0,0.7991,12254479
CHU,761693,417609.816667,China Unicom (Hong Kong) Ltd Common Stock,11.175,4.0,0.25,2.25,11.15,11.26,11.1,228884,28065979025,2394708108,0,0.031807,2394708108
FLY,93237,130746.500000,Fly Leasing Limited,13.85,2.0,1.21,9.58,13,13.85,12.78,326868,408846357,33347990,0,0.279588,33347990
JASO,626912,515420.016667,JA Solar Holdings Co Ltd,5.67,2.0,0.09,1.62,5.75,5.75,5.3449,667664,276861590,47570720,0,1.317853,47570720
NIHD,0,806513.333333,NII Holdings Inc,1.875,4.0,0.03,1.3599999999999999,1.9,1.9,1.8,266758,245367500,100783074,0,0.000000,100783074
ROYT,0,125753.550000,Pacific Coast Oil Trust,1.19,4.0,0.05,3.48,1.15,1.21,1.127,169841,64048042,38583158,0,0.000000,38583158
SPLS,14227291,7443972.666667,Staples Inc,9.22,2.0,0.25,2.68,8.83,9.24,8.76,8523027,4813133692,650423472,7862112,2.2164,642561360
WAIR,4033888,342739.650000,Wesco Aircraft Holdings Inc,14.575,1.0,0.18,1.22,14.5,14.7,14.35,333677,1267098022,98606850,1506787,8.9458,97100063
YECO,8569,52619.833333,Yulong Eco-Materials Ltd,1.8199999999999998,4.0,0.03,1.12,1.782,1.92,1.782,103042,20198458,11997184,6639359,0.159934,5357825
ZX,70837,27639.666667,China Zenix Auto International Limited American Depositary Shares each representing four ordinary shares.,1.22,2.0,0.07,5.18,1.08,1.3376000000000001,1.08,215370,55749837,51625000,0,0.137215,51625000
